128,137,147,156,165,174,183,191,199,207,214,221,227,233,238,242,246,249,252,254,255,255,255,254,252,249,246,243,238,233,227,221,215,207,200,192,183,175,166,157,147,138,128,119,110,100,91,82,73,65,57,49,42,35,29,23,18,14,10,7,4,3,1,1,1,2,4,6,10,13,18,23,28,34,41,48,56,64,72,81,90,99,108,118;
128,138,148,158,168,177,186,195,203,211,218,225,231,237,242,246,249,252,254,255,255,254,253,251,248,245,240,235,229,223,216,209,201,192,183,174,165,155,145,135,125,115,105,95,85,76,67,58,50,43,35,29,23,18,13,9,6,4,2,1,1,2,3,6,9,13,17,23,29,35,42,50,58,67,76,85,95,104,114;
128,139,149,160,170,180,189,198,207,215,222,229,235,241,245,249,252,254,255,255,254,253,250,247,243,238,232,226,218,211,202,193,184,174,164,154,143,133,122,112,101,91,81,71,62,53,45,37,30,23,18,13,9,5,3,2,1,1,2,5,7,11,16,21,27,34,42,50,58,68,77,87,97,108;
128,139,150,161,172,183,193,202,211,219,227,233,239,244,248,251,254,255,255,254,252,250,246,241,235,229,222,214,205,196,186,176,165,154,143,132,121,110,98,88,77,67,57,48,40,32,25,19,14,9,6,3,2,1,1,3,5,9,13,18,25,31,39,48,57,66,76,87,98,109;
128,140,152,163,175,186,196,206,215,223,231,237,243,247,251,253,255,255,254,252,249,245,239,233,226,218,209,200,190,179,168,156,144,132,121,109,97,85,74,64,54,44,36,28,21,15,10,6,3,2,1,1,3,6,10,14,20,27,35,43,53,63,73,84,96,107;
128,141,153,165,177,189,200,210,219,227,235,241,246,250,253,255,255,254,252,248,244,238,231,223,214,205,194,183,171,159,147,134,122,109,97,85,73,62,51,42,33,25,18,12,8,4,2,1,1,3,6,10,15,21,29,37,46,56,67,79,91,103,115,126;
128,141,155,168,180,192,203,214,223,231,239,245,249,253,254,255,254,252,248,243,237,229,221,211,200,189,177,164,151,138,124,111,98,85,73,61,50,40,31,23,16,10,6,3,1,1,2,5,9,15,21,29,38,48,59,70,83,95,108,117;
128,142,156,170,183,195,207,218,227,235,242,248,252,254,255,254,252,248,243,236,228,218,208,196,184,171,157,143,129,115,101,87,74,61,50,39,29,21,14,9,4,2,1,2,4,8,13,20,28,37,48,59,71,85,98,112,123;
128,143,158,172,186,199,211,222,231,239,246,251,254,255,254,252,248,243,235,227,216,205,192,179,165,150,135,120,105,91,77,63,51,39,29,20,13,8,4,1,1,2,6,10,17,25,35,45,57,70,84,99,105;
128,144,160,175,189,203,215,226,235,243,249,253,255,255,253,249,243,235,226,215,203,189,175,160,144,128,112,96,81,67,53,41,30,21,13,7,3,1,1,3,7,13,21,30,41,53,67,81,96,112,123;
128,145,161,177,192,206,219,230,239,246,251,254,255,253,250,244,236,226,214,201,186,171,155,138,121,104,88,72,58,44,32,22,14,7,3,1,1,4,9,15,24,35,47,61,76,91,108,118;
128,146,163,180,196,210,223,234,243,249,253,255,254,251,245,237,226,214,200,185,168,151,133,115,97,80,64,49,36,25,15,8,3,1,1,4,9,17,27,39,52,67,83,101,115;
128,147,165,183,199,214,227,238,246,252,255,255,252,246,238,227,215,200,183,166,147,128,109,91,73,57,42,29,18,10,4,1,1,4,10,18,28,41,56,72,90,108,125;
