1,7,13,19,25,31,37,43,49,55,61,67,73,80,86,92,98,104,110,116,122,128,134,140,146,152,158,164,170,176,182,188,194,200,206,212,218,225,231,237,243,249,255,249,243,237,231,225,219,213,207,201,195,189,183,177,171,165,159,153,147,141,134,128,122,116,110,104,98,92,86,80,74,68,62,56,50,44,38,32,26,20,14,8;
1,7,14,20,27,33,39,46,52,59,65,71,78,84,91,97,103,110,116,123,129,135,142,148,155,161,167,174,180,187,193,199,206,212,219,225,231,238,244,251,253,247,240,234,227,221,215,208,202,195,189,183,176,170,163,157,151,144,138,131,125,119,112,106,99,93,87,80,74,67,61,55,48,42,35,29,23,16,10;
1,8,15,21,28,35,42,48,55,62,69,76,82,89,96,103,110,116,123,130,137,143,150,157,164,171,177,184,191,198,204,211,218,225,232,238,245,252,251,245,238,231,224,217,211,204,197,190,183,177,170,163,156,150,143,136,129,122,116,109,102,95,89,82,75,68,61,55,48,41,34,27,21,14;
1,8,15,23,30,37,44,51,58,66,73,80,87,94,102,109,116,123,130,137,145,152,159,166,173,181,188,195,202,209,217,224,231,238,245,252,250,243,236,229,222,214,207,200,193,186,179,171,164,157,150,143,135,128,121,114,107,100,92,85,78,71,64,56,49,42,35,28,21,13;
8,16,23,31,38,45,53,60,67,75,82,90,97,104,112,119,126,134,141,149,156,163,171,178,185,193,200,208,215,222,230,237,245,252,251,243,236,229,221,214,206,199,192,184,177,170,162,155,147,140,133,125,118,110,103,96,88,81,74,66,59,51,44,37,29;
1,9,17,25,33,41,49,57,66,74,82,90,98,106,114,122,130,138,146,154,162,170,178,186,195,203,211,219,227,235,243,251,251,243,235,227,219,211,203,195,186,178,170,162,154,146,138,130,122,114,106,98,90,82,74,66,57,49,41,33,25,17,9;
1,10,18,27,35,44,52,61,69,78,86,95,104,112,121,129,138,146,155,163,172,180,189,198,206,215,223,232,240,249,253,244,236,227,219,210,201,193,184,176,167,159,150,142,133,125,116,107,99,90,82,73,65,56,48,39,31,22,13;
1,10,19,28,37,46,55,64,73,82,92,101,110,119,128,137,146,155,164,173,182,191,200,209,218,227,236,245,254,247,237,228,219,210,201,192,183,174,165,156,147,138,129,120,111,102,93,84,75,65,56,47,38,29,20,11;
1,11,20,30,39,49,59,68,78,87,97,106,116,126,135,145,154,164,174,183,193,202,212,222,231,241,250,250,240,231,221,212,202,193,183,173,164,154,145,135,125,116,106,97,87,77,68,58,49,39,30,20;
1,11,21,31,42,52,62,72,82,92,103,113,123,133,143,153,164,174,184,194,204,214,225,235,245,255,245,235,225,214,204,194,184,174,164,153,143,133,123,113,103,92,82,72,62,52,42,31,21,11;
1,12,23,33,44,55,66,76,87,98,109,119,130,141,152,162,173,184,195,206,216,227,238,249,251,240,229,218,208,197,186,175,165,154,143,132,121,111,100,89,78,68,57,46,35,25,14;
1,12,24,35,47,58,69,81,92,104,115,126,138,149,161,172,183,195,206,218,229,240,252,247,235,224,212,201,190,178,167,155,144,133,121,110,98,87,76,64,53,41,30,19;
1,13,25,37,49,61,74,86,98,110,122,134,146,158,170,182,194,206,219,231,243,255,243,231,219,207,195,183,171,159,146,134,122,110,98,86,74,62,50,38,26,14;
